  6 2817 0.747
 15   19 0.709
 19   15 0.709
101  438 0.504
125 2822 0.843
153 1697 0.878
205 2619 0.970
205 2829 0.951
210 1693 0.852
214 2618 0.970
214 2821 0.980
238 2824 0.786
241 2631 0.810
266 1765 0.878
266 1998 0.878
266 2198 0.878
280  438 0.521
282 2827 0.951
284 1765 0.878
284 1998 0.878
284 2198 0.878
288 2816 0.970
297 2830 0.786
304 2832 0.843
305 2833 0.970
389  700 0.739
389  850 0.794
389  861 0.695
389 1009 0.794
389 1060 0.794
389 1065 0.695
389 1067 0.794
389 1589 0.509
389 1737 0.794
389 1756 0.509
389 1770 0.794
389 1803 0.587
389 1858 0.794
389 1955 0.739
389 1982 0.587
389 2127 0.794
389 2136 0.794
389 2288 0.794
389 2310 0.600
389 2380 0.794
389 2486 0.794
389 2837 0.509
389 2899 0.794
389 2922 0.794
389 2999 0.509
389 3015 0.794
389 3171 0.509
389 3203 0.633
389 3272 0.509
389 3283 0.509
389 3310 0.794
389 3362 0.587
389 3430 0.587
389 3524 0.794
389 3565 0.794
389 3620 0.794
389 3622 0.794
389 3626 0.509
390  980 0.581
390 2119 0.681
390 2203 0.660
390 2348 0.562
390 2361 0.562
390 2368 0.544
390 2390 0.562
390 2392 0.562
390 2418 0.562
390 2421 0.562
390 2444 0.562
390 2449 0.562
390 2480 0.717
390 2554 0.562
390 2556 0.562
390 2587 0.562
390 2800 0.562
390 2806 0.562
438  101 0.504
438  280 0.521
438 1242 0.581
438 1354 0.569
438 1600 0.932
444  495 0.538
444  891 0.600
444 1402 0.667
444 1420 0.538
444 1480 0.538
458  460 0.653
460  458 0.653
473 2823 0.860
495  444 0.538
495 1402 0.600
495 1480 0.538
518  548 0.794
521 2630 0.569
545  547 0.533
547  545 0.533
548  518 0.794
570 2826 0.878
660 1692 0.942
700  389 0.739
700  850 0.818
700  861 0.681
700 1009 0.818
700 1060 0.739
700 1065 0.660
700 1067 0.818
700 1737 0.818
700 1756 0.527
700 1770 0.818
700 1803 0.606
700 1858 0.818
700 1955 0.739
700 1982 0.606
700 2127 0.818
700 2136 0.818
700 2288 0.818
700 2310 0.619
700 2380 0.739
700 2486 0.818
700 2837 0.527
700 2899 0.818
700 2922 0.818
700 2999 0.527
700 3015 0.818
700 3171 0.527
700 3203 0.653
700 3272 0.527
700 3310 0.739
700 3362 0.606
700 3430 0.606
700 3524 0.818
700 3565 0.818
700 3620 0.818
700 3622 0.739
700 3626 0.527
706  707 0.606
707  706 0.606
784  791 0.556
791  784 0.556
807 2632 0.961
850  389 0.794
850  700 0.818
850  861 0.754
850 1060 0.794
850 1065 0.695
850 1589 0.509
850 1756 0.653
850 1782 0.613
850 1803 0.747
850 1955 0.739
850 1982 0.747
850 2157 0.613
850 2208 0.575
850 2310 0.762
850 2380 0.794
850 2837 0.653
850 2999 0.653
850 3171 0.653
850 3203 0.802
850 3272 0.653
850 3283 0.509
850 3310 0.794
850 3362 0.747
850 3430 0.747
850 3622 0.794
850 3626 0.653
861  389 0.695
861  700 0.681
861  850 0.754
861 1009 0.754
861 1060 0.695
861 1065 0.695
861 1067 0.754
861 1737 0.754
861 1770 0.754
861 1803 0.556
861 1858 0.754
861 1955 0.660
861 1982 0.556
861 2127 0.754
861 2136 0.754
861 2288 0.754
861 2310 0.569
861 2380 0.695
861 2486 0.754
861 2899 0.754
861 2922 0.754
861 3015 0.754
861 3203 0.600
861 3310 0.695
861 3362 0.556
861 3430 0.556
861 3524 0.754
861 3565 0.754
861 3620 0.754
861 3622 0.695
872 1694 0.810
891  444 0.600
896 2620 0.818
896 2831 0.810
955 2633 0.923
966 1000 0.970
973 2629 0.914
973 2818 0.914
976 2628 0.818
976 2819 0.905
980  390 0.581
980  982 0.754
980  984 0.739
980 1012 0.639
980 1609 0.674
980 2119 0.717
980 2203 0.681
980 2348 0.504
980 2361 0.504
980 2390 0.504
980 2392 0.504
980 2418 0.504
980 2421 0.504
980 2444 0.504
980 2449 0.504
980 2480 0.717
980 2554 0.504
980 2556 0.504
980 2587 0.504
980 2800 0.504
980 2806 0.504
982  980 0.754
982  984 0.923
982 1012 0.754
982 1609 0.786
982 1714 0.581
982 1799 0.527
982 1800 0.504
982 1961 0.515
982 1968 0.527
982 2004 0.538
982 2052 0.504
982 2054 0.504
982 2119 0.581
982 2203 0.550
982 2368 0.569
982 2419 0.527
982 2480 0.581
983 1715 0.575
983 1797 0.575
983 1900 0.575
983 1942 0.575
983 1972 0.575
983 1974 0.575
983 2005 0.575
983 2147 0.575
983 2197 0.575
983 2236 0.575
983 2258 0.575
983 2272 0.575
983 2313 0.575
983 2346 0.575
983 2352 0.575
983 2363 0.575
983 2391 0.575
983 2407 0.575
983 2424 0.575
983 2443 0.575
983 2555 0.575
983 2588 0.575
983 2807 0.575
984  980 0.739
984  982 0.923
984 1012 0.739
984 1609 0.778
984 1714 0.575
984 1799 0.527
984 1800 0.504
984 1961 0.515
984 1968 0.527
984 2004 0.538
984 2052 0.504
984 2054 0.504
984 2119 0.581
984 2203 0.550
984 2368 0.569
984 2419 0.533
984 2480 0.581
1000  966 0.970
1006 2627 0.887
1006 2820 0.942
1009  389 0.794
1009  700 0.818
1009  861 0.754
1009 1060 0.794
1009 1065 0.695
1009 1589 0.509
1009 1756 0.653
1009 1782 0.613
1009 1803 0.747
1009 1955 0.739
1009 1982 0.747
1009 2157 0.613
1009 2208 0.575
1009 2310 0.762
1009 2380 0.794
1009 2837 0.653
1009 2999 0.653
1009 3171 0.653
1009 3203 0.802
1009 3272 0.653
1009 3283 0.509
1009 3310 0.794
1009 3362 0.747
1009 3430 0.747
1009 3622 0.794
1009 3626 0.653
1011 1715 0.575
1011 1797 0.575
1011 1900 0.575
1011 1942 0.575
1011 1972 0.575
1011 1974 0.575
1011 2005 0.575
1011 2147 0.575
1011 2197 0.575
1011 2236 0.575
1011 2258 0.575
1011 2272 0.575
1011 2313 0.575
1011 2346 0.575
1011 2352 0.575
1011 2363 0.575
1011 2391 0.575
1011 2407 0.575
1011 2424 0.575
1011 2443 0.575
1011 2555 0.575
1011 2588 0.575
1011 2807 0.575
1012  980 0.639
1012  982 0.754
1012  984 0.739
1012 1609 0.681
1012 2368 0.504
1028 1698 0.835
1042 1043 0.550
1043 1042 0.550
1043 1056 0.550
1054 1168 0.594
1056 1043 0.550
1060  389 0.794
1060  700 0.739
1060  850 0.794
1060  861 0.695
1060 1009 0.794
1060 1065 0.695
1060 1067 0.794
1060 1589 0.509
1060 1737 0.794
1060 1756 0.509
1060 1770 0.794
1060 1803 0.587
1060 1858 0.794
1060 1955 0.739
1060 1982 0.587
1060 2127 0.794
1060 2136 0.794
1060 2288 0.794
1060 2310 0.600
1060 2380 0.794
1060 2486 0.794
1060 2837 0.509
1060 2899 0.794
1060 2922 0.794
1060 2999 0.509
1060 3015 0.794
1060 3171 0.509
1060 3203 0.633
1060 3272 0.509
1060 3283 0.509
1060 3310 0.794
1060 3362 0.587
1060 3430 0.587
1060 3524 0.794
1060 3565 0.794
1060 3620 0.794
1060 3622 0.794
1060 3626 0.509
1063 1699 0.980
1065  389 0.695
1065  700 0.660
1065  850 0.695
1065  861 0.695
1065 1009 0.695
1065 1060 0.695
1065 1067 0.695
1065 1737 0.695
1065 1770 0.695
1065 1803 0.509
1065 1858 0.695
1065 1955 0.660
1065 1982 0.509
1065 2127 0.695
1065 2136 0.695
1065 2288 0.695
1065 2310 0.521
1065 2380 0.695
1065 2486 0.695
1065 2899 0.695
1065 2922 0.695
1065 3015 0.695
1065 3203 0.550
1065 3310 0.695
1065 3362 0.509
1065 3430 0.509
1065 3524 0.695
1065 3565 0.695
1065 3620 0.695
1065 3622 0.695
1067  389 0.794
1067  700 0.818
1067  861 0.754
1067 1060 0.794
1067 1065 0.695
1067 1589 0.509
1067 1756 0.653
1067 1782 0.613
1067 1803 0.747
1067 1955 0.739
1067 1982 0.747
1067 2157 0.613
1067 2208 0.575
1067 2310 0.762
1067 2380 0.794
1067 2837 0.653
1067 2999 0.653
1067 3171 0.653
1067 3203 0.802
1067 3272 0.653
1067 3283 0.509
1067 3310 0.794
1067 3362 0.747
1067 3430 0.747
1067 3622 0.794
1067 3626 0.653
1072 1105 0.587
1098 1695 0.794
1105 1072 0.587
1168 1054 0.594
1209 2238 0.587
1216 1934 0.778
1222 1224 0.860
1224 1222 0.860
1240 1249 0.739
1242  438 0.581
1242 1600 0.538
1249 1240 0.739
1279 1370 0.653
1354  438 0.569
1354 1600 0.527
1370 1279 0.653
1389 1696 0.951
1402  444 0.667
1402  495 0.600
1402 1420 0.527
1402 1480 0.538
1420  444 0.538
1420 1402 0.527
1480  444 0.538
1480  495 0.538
1480 1402 0.538
1589  389 0.509
1589  850 0.509
1589 1009 0.509
1589 1060 0.509
1589 1067 0.509
1589 1737 0.509
1589 1756 0.509
1589 1770 0.509
1589 1858 0.509
1589 2127 0.509
1589 2136 0.509
1589 2288 0.509
1589 2380 0.509
1589 2486 0.509
1589 2837 0.509
1589 2899 0.509
1589 2922 0.509
1589 2999 0.509
1589 3015 0.509
1589 3171 0.509
1589 3272 0.509
1589 3283 0.509
1589 3310 0.509
1589 3524 0.509
1589 3565 0.509
1589 3620 0.509
1589 3622 0.509
1589 3626 0.509
1600  438 0.932
1600 1242 0.538
1600 1354 0.527
1609  980 0.674
1609  982 0.786
1609  984 0.778
1609 1012 0.681
1609 1714 0.556
1609 1799 0.509
1609 1961 0.504
1609 1968 0.509
1609 2004 0.533
1609 2119 0.538
1609 2203 0.538
1609 2368 0.569
1609 2419 0.515
1609 2480 0.538
1651 1665 0.942
1665 1651 0.942
1692  660 0.942
1693  210 0.852
1694  872 0.810
1695 1098 0.794
1696 1389 0.951
1697  153 0.878
1698 1028 0.835
1699 1063 0.980
1714  982 0.581
1714  984 0.575
1714 1609 0.556
1714 1764 0.695
1714 1799 0.688
1714 1800 0.660
1714 1898 0.544
1714 1961 0.681
1714 1968 0.688
1714 1973 0.626
1714 1976 0.639
1714 2004 0.695
1714 2052 0.646
1714 2054 0.646
1714 2071 0.544
1714 2101 0.575
1714 2119 0.594
1714 2123 0.606
1714 2151 0.538
1714 2154 0.533
1714 2195 0.639
1714 2203 0.626
1714 2232 0.556
1714 2257 0.619
1714 2273 0.660
1714 2277 0.653
1714 2315 0.587
1714 2368 0.810
1714 2419 0.709
1714 2480 0.626
1715  983 0.575
1715 1011 0.575
1737  389 0.794
1737  700 0.818
1737  861 0.754
1737 1060 0.794
1737 1065 0.695
1737 1589 0.509
1737 1756 0.653
1737 1782 0.613
1737 1803 0.747
1737 1955 0.739
1737 1982 0.747
1737 2157 0.613
1737 2208 0.575
1737 2310 0.762
1737 2380 0.794
1737 2837 0.653
1737 2999 0.653
1737 3171 0.653
1737 3203 0.802
1737 3272 0.653
1737 3283 0.509
1737 3310 0.794
1737 3362 0.747
1737 3430 0.747
1737 3622 0.794
1737 3626 0.653
1756  389 0.509
1756  700 0.527
1756  850 0.653
1756 1009 0.653
1756 1060 0.509
1756 1067 0.653
1756 1589 0.509
1756 1737 0.653
1756 1770 0.653
1756 1858 0.653
1756 2127 0.653
1756 2136 0.653
1756 2288 0.653
1756 2380 0.509
1756 2486 0.653
1756 2837 0.653
1756 2899 0.653
1756 2922 0.653
1756 2999 0.653
1756 3015 0.653
1756 3171 0.653
1756 3203 0.515
1756 3272 0.653
1756 3283 0.509
1756 3310 0.509
1756 3524 0.653
1756 3565 0.653
1756 3620 0.653
1756 3622 0.509
1756 3626 0.653
1757 1848 0.770
1757 1903 0.653
1757 1917 0.717
1757 1941 0.600
1757 1960 0.717
1757 2010 0.626
1757 2026 0.653
1757 2069 0.688
1757 2108 0.504
1757 2131 0.667
1757 2210 0.639
1757 2279 0.794
1757 2286 0.724
1757 2416 0.653
1757 2437 0.556
1757 2609 0.521
1757 2706 0.778
1757 2762 0.887
1764 1714 0.695
1764 1799 0.613
1764 1800 0.639
1764 1961 0.905
1764 1968 0.613
1764 1973 0.600
1764 1976 0.562
1764 2004 0.633
1764 2052 0.575
1764 2054 0.575
1764 2071 0.527
1764 2101 0.504
1764 2119 0.509
1764 2123 0.538
1764 2154 0.515
1764 2195 0.569
1764 2203 0.538
1764 2257 0.581
1764 2273 0.587
1764 2277 0.581
1764 2315 0.550
1764 2368 0.802
1764 2419 0.639
1764 2480 0.538
1765  266 0.878
1765  284 0.878
1770  389 0.794
1770  700 0.818
1770  861 0.754
1770 1060 0.794
1770 1065 0.695
1770 1589 0.509
1770 1756 0.653
1770 1782 0.613
1770 1803 0.747
1770 1955 0.739
1770 1982 0.747
1770 2157 0.613
1770 2208 0.575
1770 2310 0.762
1770 2380 0.794
1770 2837 0.653
1770 2999 0.653
1770 3171 0.653
1770 3203 0.802
1770 3272 0.653
1770 3283 0.509
1770 3310 0.794
1770 3362 0.747
1770 3430 0.747
1770 3622 0.794
1770 3626 0.653
1782  850 0.613
1782 1009 0.613
1782 1067 0.613
1782 1737 0.613
1782 1770 0.613
1782 1858 0.613
1782 2127 0.613
1782 2136 0.613
1782 2157 0.613
1782 2288 0.613
1782 2486 0.613
1782 2899 0.613
1782 2922 0.613
1782 3015 0.613
1782 3524 0.613
1782 3565 0.613
1782 3620 0.613
1797  983 0.575
1797 1011 0.575
1799  982 0.527
1799  984 0.527
1799 1609 0.509
1799 1714 0.688
1799 1764 0.613
1799 1800 0.951
1799 1898 0.770
1799 1961 0.600
1799 1973 0.887
1799 1976 0.896
1799 2004 0.826
1799 2052 0.914
1799 2054 0.914
1799 2071 0.778
1799 2101 0.810
1799 2119 0.550
1799 2123 0.869
1799 2151 0.754
1799 2154 0.762
1799 2195 0.905
1799 2203 0.581
1799 2232 0.786
1799 2257 0.826
1799 2273 0.932
1799 2277 0.923
1799 2315 0.826
1799 2368 0.653
1799 2419 0.575
1799 2480 0.581
1800  982 0.504
1800  984 0.504
1800 1714 0.660
1800 1764 0.639
1800 1799 0.951
1800 1898 0.747
1800 1961 0.575
1800 1968 0.951
1800 1973 0.932
1800 1976 0.869
1800 2004 0.835
1800 2052 0.887
1800 2054 0.887
1800 2071 0.818
1800 2101 0.786
1800 2119 0.527
1800 2123 0.843
1800 2151 0.732
1800 2154 0.802
1800 2195 0.878
1800 2203 0.556
1800 2232 0.762
1800 2257 0.802
1800 2273 0.905
1800 2277 0.896
1800 2315 0.802
1800 2368 0.681
1800 2419 0.550
1800 2480 0.556
1801 2429 0.504
1803  389 0.587
1803  700 0.606
1803  850 0.747
1803  861 0.556
1803 1009 0.747
1803 1060 0.587
1803 1065 0.509
1803 1067 0.747
1803 1737 0.747
1803 1770 0.747
1803 1858 0.747
1803 1955 0.544
1803 1982 0.747
1803 2127 0.747
1803 2136 0.747
1803 2288 0.747
1803 2310 0.660
1803 2380 0.587
1803 2486 0.747
1803 2899 0.747
1803 2922 0.747
1803 3015 0.747
1803 3203 0.695
1803 3310 0.587
1803 3362 0.747
1803 3430 0.747
1803 3524 0.747
1803 3565 0.747
1803 3620 0.747
1803 3622 0.587
1805 2356 0.544
1841 1854 0.980
1841 2048 0.896
1841 2073 0.826
1841 2122 0.980
1841 2190 0.852
1841 2191 0.980
1841 2192 0.980
1841 2709 0.980
1848 1757 0.770
1848 1903 0.639
1848 1917 0.702
1848 1941 0.786
1848 1960 0.702
1848 2010 0.613
1848 2026 0.639
1848 2069 0.732
1848 2131 0.653
1848 2210 0.626
1848 2279 0.778
1848 2286 0.770
1848 2416 0.639
1848 2437 0.544
1848 2609 0.509
1848 2706 0.810
1848 2762 0.869
1854 1841 0.980
1854 2048 0.914
1854 2073 0.843
1854 2190 0.869
1858  389 0.794
1858  700 0.818
1858  861 0.754
1858 1060 0.794
1858 1065 0.695
1858 1589 0.509
1858 1756 0.653
1858 1782 0.613
1858 1803 0.747
1858 1955 0.739
1858 1982 0.747
1858 2157 0.613
1858 2208 0.575
1858 2310 0.762
1858 2380 0.794
1858 2837 0.653
1858 2999 0.653
1858 3171 0.653
1858 3203 0.802
1858 3272 0.653
1858 3283 0.509
1858 3310 0.794
1858 3362 0.747
1858 3430 0.747
1858 3622 0.794
1858 3626 0.653
1874 1940 0.695
1874 1958 0.550
1874 2009 0.587
1874 2067 0.786
1874 2209 0.600
1874 2278 0.709
1874 2290 0.835
1874 2417 0.905
1879 1885 0.786
1885 1879 0.786
1898 1714 0.544
1898 1799 0.770
1898 1800 0.747
1898 1968 0.770
1898 1973 0.709
1898 1976 0.717
1898 2004 0.653
1898 2052 0.754
1898 2054 0.754
1898 2071 0.667
1898 2101 0.695
1898 2123 0.702
1898 2151 0.688
1898 2154 0.681
1898 2195 0.770
1898 2232 0.646
1898 2257 0.695
1898 2273 0.747
1898 2277 0.739
1898 2315 0.660
1898 2368 0.504
1900  983 0.575
1900 1011 0.575
1903 1757 0.653
1903 1848 0.639
1903 1917 0.594
1903 1960 0.594
1903 2010 0.515
1903 2026 0.626
1903 2069 0.569
1903 2108 0.575
1903 2131 0.550
1903 2166 0.556
1903 2210 0.527
1903 2279 0.660
1903 2286 0.600
1903 2416 0.626
1903 2706 0.646
1903 2762 0.739
1917 1757 0.717
1917 1848 0.702
1917 1903 0.594
1917 1941 0.544
1917 1960 0.810
1917 2010 0.569
1917 2026 0.594
1917 2069 0.653
1917 2131 0.606
1917 2210 0.613
1917 2279 0.754
1917 2286 0.688
1917 2416 0.594
1917 2437 0.633
1917 2609 0.594
1917 2706 0.709
1917 2762 0.810
1920 2015 0.569
1934 1216 0.778
1940 1874 0.695
1940 2067 0.681
1940 2278 0.562
1940 2290 0.709
1940 2417 0.724
1941 1757 0.600
1941 1848 0.786
1941 1917 0.544
1941 1960 0.544
1941 2010 0.613
1941 2069 0.569
1941 2131 0.587
1941 2210 0.626
1941 2279 0.606
1941 2286 0.600
1941 2437 0.544
1941 2706 0.633
1941 2762 0.681
1942  983 0.575
1942 1011 0.575
1955  389 0.739
1955  700 0.739
1955  850 0.739
1955  861 0.660
1955 1009 0.739
1955 1060 0.739
1955 1065 0.660
1955 1067 0.739
1955 1737 0.739
1955 1770 0.739
1955 1803 0.544
1955 1858 0.739
1955 1982 0.544
1955 2127 0.739
1955 2136 0.739
1955 2288 0.739
1955 2310 0.556
1955 2380 0.739
1955 2486 0.739
1955 2899 0.739
1955 2922 0.739
1955 3015 0.739
1955 3203 0.587
1955 3310 0.739
1955 3362 0.544
1955 3430 0.544
1955 3524 0.739
1955 3565 0.739
1955 3620 0.739
1955 3622 0.739
1958 1874 0.550
1958 2067 0.527
1958 2290 0.527
1958 2417 0.613
1960 1757 0.717
1960 1848 0.702
1960 1903 0.594
1960 1917 0.810
1960 1941 0.544
1960 2010 0.569
1960 2026 0.594
1960 2069 0.653
1960 2131 0.606
1960 2210 0.613
1960 2279 0.754
1960 2286 0.688
1960 2416 0.594
1960 2437 0.633
1960 2609 0.594
1960 2706 0.709
1960 2762 0.810
1961  982 0.515
1961  984 0.515
1961 1609 0.504
1961 1714 0.681
1961 1764 0.905
1961 1799 0.600
1961 1800 0.575
1961 1968 0.600
1961 1973 0.538
1961 1976 0.550
1961 2004 0.594
1961 2052 0.562
1961 2054 0.562
1961 2123 0.527
1961 2195 0.556
1961 2203 0.527
1961 2232 0.504
1961 2257 0.569
1961 2273 0.575
1961 2277 0.569
1961 2315 0.538
1961 2368 0.724
1961 2419 0.626
1961 2480 0.527
1964 2115 0.896
1968  982 0.527
1968  984 0.527
1968 1609 0.509
1968 1714 0.688
1968 1764 0.613
1968 1800 0.951
1968 1898 0.770
1968 1961 0.600
1968 1973 0.887
1968 1976 0.896
1968 2004 0.826
1968 2052 0.914
1968 2054 0.914
1968 2071 0.778
1968 2101 0.810
1968 2119 0.550
1968 2123 0.869
1968 2151 0.754
1968 2154 0.762
1968 2195 0.905
1968 2203 0.581
1968 2232 0.786
1968 2257 0.826
1968 2273 0.932
1968 2277 0.923
1968 2315 0.826
1968 2368 0.653
1968 2419 0.575
1968 2480 0.581
1972  983 0.575
1972 1011 0.575
1973 1714 0.626
1973 1764 0.600
1973 1799 0.887
1973 1800 0.932
1973 1898 0.709
1973 1961 0.538
1973 1968 0.887
1973 1976 0.932
1973 2004 0.786
1973 2052 0.843
1973 2054 0.843
1973 2071 0.778
1973 2101 0.754
1973 2123 0.818
1973 2151 0.695
1973 2154 0.762
1973 2195 0.835
1973 2203 0.521
1973 2232 0.724
1973 2257 0.762
1973 2273 0.860
1973 2277 0.852
1973 2315 0.762
1973 2368 0.639
1973 2419 0.515
1973 2480 0.521
1974  983 0.575
1974 1011 0.575
1975 2148 0.914
1975 2428 0.869
1976 1714 0.639
1976 1764 0.562
1976 1799 0.896
1976 1800 0.869
1976 1898 0.717
1976 1961 0.550
1976 1968 0.896
1976 1973 0.932
1976 2004 0.762
1976 2052 0.869
1976 2054 0.869
1976 2071 0.724
1976 2101 0.762
1976 2123 0.826
1976 2151 0.702
1976 2154 0.709
1976 2195 0.843
1976 2203 0.527
1976 2232 0.732
1976 2257 0.770
1976 2273 0.887
1976 2277 0.878
1976 2315 0.770
1976 2368 0.600
1976 2419 0.527
1976 2480 0.527
1977 2345 0.860
1977 2441 0.556
1977 2481 0.860
1980 2153 0.613
1980 2321 0.613
1980 2404 0.569
1980 2559 0.587
1982  389 0.587
1982  700 0.606
1982  850 0.747
1982  861 0.556
1982 1009 0.747
1982 1060 0.587
1982 1065 0.509
1982 1067 0.747
1982 1737 0.747
1982 1770 0.747
1982 1803 0.747
1982 1858 0.747
1982 1955 0.544
1982 2127 0.747
1982 2136 0.747
1982 2288 0.747
1982 2310 0.660
1982 2380 0.587
1982 2486 0.747
1982 2899 0.747
1982 2922 0.747
1982 3015 0.747
1982 3203 0.695
1982 3310 0.587
1982 3362 0.747
1982 3430 0.747
1982 3524 0.747
1982 3565 0.747
1982 3620 0.747
1982 3622 0.587
1998  266 0.878
1998  284 0.878
2004  982 0.538
2004  984 0.538
2004 1609 0.533
2004 1714 0.695
2004 1764 0.633
2004 1799 0.826
2004 1800 0.835
2004 1898 0.653
2004 1961 0.594
2004 1968 0.826
2004 1973 0.786
2004 1976 0.762
2004 2052 0.778
2004 2054 0.778
2004 2071 0.688
2004 2101 0.688
2004 2119 0.538
2004 2123 0.739
2004 2151 0.639
2004 2154 0.674
2004 2195 0.770
2004 2203 0.569
2004 2232 0.667
2004 2257 0.724
2004 2273 0.794
2004 2277 0.786
2004 2315 0.702
2004 2368 0.688
2004 2419 0.581
2004 2480 0.569
2005  983 0.575
2005 1011 0.575
2009 1874 0.587
2009 2067 0.562
2009 2278 0.653
2009 2290 0.562
2009 2417 0.653
2010 1757 0.626
2010 1848 0.613
2010 1903 0.515
2010 1917 0.569
2010 1941 0.613
2010 1960 0.569
2010 2026 0.515
2010 2069 0.544
2010 2108 0.515
2010 2131 0.653
2010 2166 0.515
2010 2210 0.653
2010 2279 0.633
2010 2286 0.575
2010 2416 0.515
2010 2437 0.569
2010 2706 0.619
2010 2762 0.709
2015 1920 0.569
2024 2026 0.613
2026 1757 0.653
2026 1848 0.639
2026 1903 0.626
2026 1917 0.594
2026 1960 0.594
2026 2010 0.515
2026 2024 0.613
2026 2069 0.569
2026 2131 0.550
2026 2210 0.527
2026 2279 0.660
2026 2286 0.600
2026 2416 0.739
2026 2609 0.594
2026 2706 0.646
2026 2762 0.739
2027 2076 0.747
2047 2081 0.527
2048 1841 0.896
2048 1854 0.914
2048 2073 0.770
2048 2122 0.914
2048 2190 0.826
2048 2191 0.914
2048 2192 0.914
2048 2709 0.914
2052  982 0.504
2052  984 0.504
2052 1714 0.646
2052 1764 0.575
2052 1799 0.914
2052 1800 0.887
2052 1898 0.754
2052 1961 0.562
2052 1968 0.914
2052 1973 0.843
2052 1976 0.869
2052 2004 0.778
2052 2071 0.739
2052 2101 0.770
2052 2119 0.527
2052 2123 0.826
2052 2151 0.739
2052 2154 0.739
2052 2195 0.869
2052 2203 0.556
2052 2232 0.747
2052 2257 0.786
2052 2273 0.905
2052 2277 0.896
2052 2315 0.786
2052 2368 0.613
2052 2419 0.544
2052 2480 0.556
2054  982 0.504
2054  984 0.504
2054 1714 0.646
2054 1764 0.575
2054 1799 0.914
2054 1800 0.887
2054 1898 0.754
2054 1961 0.562
2054 1968 0.914
2054 1973 0.843
2054 1976 0.869
2054 2004 0.778
2054 2071 0.739
2054 2101 0.770
2054 2119 0.527
2054 2123 0.826
2054 2151 0.739
2054 2154 0.739
2054 2195 0.869
2054 2203 0.556
2054 2232 0.747
2054 2257 0.786
2054 2273 0.905
2054 2277 0.896
2054 2315 0.786
2054 2368 0.613
2054 2419 0.544
2054 2480 0.556
2055 2429 0.504
2056 2356 0.544
2067 1874 0.786
2067 1940 0.681
2067 1958 0.527
2067 2009 0.562
2067 2209 0.575
2067 2276 0.544
2067 2278 0.681
2067 2290 0.754
2067 2417 0.869
2069 1757 0.688
2069 1848 0.732
2069 1903 0.569
2069 1917 0.653
2069 1941 0.569
2069 1960 0.653
2069 2010 0.544
2069 2026 0.569
2069 2131 0.581
2069 2210 0.556
2069 2279 0.778
2069 2286 0.732
2069 2416 0.569
2069 2437 0.504
2069 2706 0.724
2069 2762 0.778
2071 1714 0.544
2071 1764 0.527
2071 1799 0.778
2071 1800 0.818
2071 1898 0.667
2071 1968 0.778
2071 1973 0.778
2071 1976 0.724
2071 2004 0.688
2071 2052 0.739
2071 2054 0.739
2071 2101 0.923
2071 2123 0.702
2071 2151 0.709
2071 2154 0.794
2071 2195 0.739
2071 2232 0.702
2071 2257 0.702
2071 2273 0.754
2071 2277 0.762
2071 2315 0.667
2071 2368 0.562
2073 1841 0.826
2073 1854 0.843
2073 2048 0.770
2073 2122 0.843
2073 2190 0.732
2073 2191 0.843
2073 2192 0.843
2073 2709 0.843
2076 2027 0.747
2081 2047 0.527
2096 2885 0.626
2101 1714 0.575
2101 1764 0.504
2101 1799 0.810
2101 1800 0.786
2101 1898 0.695
2101 1968 0.810
2101 1973 0.754
2101 1976 0.762
2101 2004 0.688
2101 2052 0.770
2101 2054 0.770
2101 2071 0.923
2101 2123 0.732
2101 2151 0.739
2101 2154 0.747
2101 2195 0.770
2101 2232 0.732
2101 2257 0.732
2101 2273 0.786
2101 2277 0.778
2101 2315 0.695
2101 2368 0.538
2108 1757 0.504
2108 1903 0.575
2108 2010 0.515
2108 2109 0.562
2108 2166 0.515
2108 2210 0.527
2108 2279 0.509
2108 2762 0.575
2109 2108 0.562
2115 1964 0.896
2119  390 0.681
2119  980 0.717
2119  982 0.581
2119  984 0.581
2119 1609 0.538
2119 1714 0.594
2119 1764 0.509
2119 1799 0.550
2119 1800 0.527
2119 1968 0.550
2119 2004 0.538
2119 2052 0.527
2119 2054 0.527
2119 2195 0.509
2119 2203 0.878
2119 2257 0.521
2119 2273 0.527
2119 2277 0.521
2119 2348 0.633
2119 2361 0.633
2119 2368 0.594
2119 2390 0.633
2119 2392 0.633
2119 2418 0.633
2119 2419 0.556
2119 2421 0.633
2119 2444 0.633
2119 2449 0.633
2119 2480 0.951
2119 2554 0.633
2119 2556 0.633
2119 2587 0.633
2119 2800 0.633
2119 2806 0.633
2122 1841 0.980
2122 2048 0.914
2122 2073 0.843
2122 2190 0.869
2123 1714 0.606
2123 1764 0.538
2123 1799 0.869
2123 1800 0.843
2123 1898 0.702
2123 1961 0.527
2123 1968 0.869
2123 1973 0.818
2123 1976 0.826
2123 2004 0.739
2123 2052 0.826
2123 2054 0.826
2123 2071 0.702
2123 2101 0.732
2123 2151 0.681
2123 2154 0.688
2123 2195 0.818
2123 2203 0.509
2123 2232 0.739
2123 2257 0.747
2123 2273 0.860
2123 2277 0.852
2123 2315 0.747
2123 2368 0.575
2123 2419 0.504
2123 2480 0.509
2127  389 0.794
2127  700 0.818
2127  861 0.754
2127 1060 0.794
2127 1065 0.695
2127 1589 0.509
2127 1756 0.653
2127 1782 0.613
2127 1803 0.747
2127 1955 0.739
2127 1982 0.747
2127 2157 0.613
2127 2208 0.575
2127 2310 0.762
2127 2380 0.794
2127 2837 0.653
2127 2999 0.653
2127 3171 0.653
2127 3203 0.802
2127 3272 0.653
2127 3283 0.509
2127 3310 0.794
2127 3362 0.747
2127 3430 0.747
2127 3622 0.794
2127 3626 0.653
2131 1757 0.667
2131 1848 0.653
2131 1903 0.550
2131 1917 0.606
2131 1941 0.587
2131 1960 0.606
2131 2010 0.653
2131 2026 0.550
2131 2069 0.581
2131 2210 0.626
2131 2279 0.674
2131 2286 0.613
2131 2416 0.550
2131 2437 0.544
2131 2706 0.660
2131 2762 0.754
2136  389 0.794
2136  700 0.818
2136  861 0.754
2136 1060 0.794
2136 1065 0.695
2136 1589 0.509
2136 1756 0.653
2136 1782 0.613
2136 1803 0.747
2136 1955 0.739
2136 1982 0.747
2136 2157 0.613
2136 2208 0.575
2136 2310 0.762
2136 2380 0.794
2136 2837 0.653
2136 2999 0.653
2136 3171 0.653
2136 3203 0.802
2136 3272 0.653
2136 3283 0.509
2136 3310 0.794
2136 3362 0.747
2136 3430 0.747
2136 3622 0.794
2136 3626 0.653
2137 2381 0.961
2147  983 0.575
2147 1011 0.575
2148 1975 0.914
2148 2316 0.914
2148 2428 0.794
2149 2345 0.860
2149 2441 0.556
2149 2481 0.860
2151 1714 0.538
2151 1799 0.754
2151 1800 0.732
2151 1898 0.688
2151 1968 0.754
2151 1973 0.695
2151 1976 0.702
2151 2004 0.639
2151 2052 0.739
2151 2054 0.739
2151 2071 0.709
2151 2101 0.739
2151 2123 0.681
2151 2154 0.896
2151 2195 0.724
2151 2232 0.688
2151 2257 0.681
2151 2273 0.732
2151 2277 0.724
2151 2315 0.646
2151 2368 0.509
2153 1980 0.613
2153 2321 0.810
2153 2404 0.619
2153 2559 0.619
2154 1714 0.533
2154 1764 0.515
2154 1799 0.762
2154 1800 0.802
2154 1898 0.681
2154 1968 0.762
2154 1973 0.762
2154 1976 0.709
2154 2004 0.674
2154 2052 0.739
2154 2054 0.739
2154 2071 0.794
2154 2101 0.747
2154 2123 0.688
2154 2151 0.896
2154 2195 0.732
2154 2232 0.688
2154 2257 0.688
2154 2273 0.739
2154 2277 0.747
2154 2315 0.653
2154 2368 0.550
2157  850 0.613
2157 1009 0.613
2157 1067 0.613
2157 1737 0.613
2157 1770 0.613
2157 1782 0.613
2157 1858 0.613
2157 2127 0.613
2157 2136 0.613
2157 2199 0.802
2157 2288 0.613
2157 2486 0.613
2157 2899 0.613
2157 2922 0.613
2157 3015 0.613
2157 3524 0.613
2157 3565 0.613
2157 3620 0.613
2162 2166 0.527
2163 3263 0.802
2164 2372 0.639
2166 1903 0.556
2166 2010 0.515
2166 2108 0.515
2166 2162 0.527
2166 2762 0.556
2190 1841 0.852
2190 1854 0.869
2190 2048 0.826
2190 2073 0.732
2190 2122 0.869
2190 2191 0.869
2190 2192 0.869
2190 2709 0.869
2191 1841 0.980
2191 2048 0.914
2191 2073 0.843
2191 2190 0.869
2192 1841 0.980
2192 2048 0.914
2192 2073 0.843
2192 2190 0.869
2195 1714 0.639
2195 1764 0.569
2195 1799 0.905
2195 1800 0.878
2195 1898 0.770
2195 1961 0.556
2195 1968 0.905
2195 1973 0.835
2195 1976 0.843
2195 2004 0.770
2195 2052 0.869
2195 2054 0.869
2195 2071 0.739
2195 2101 0.770
2195 2119 0.509
2195 2123 0.818
2195 2151 0.724
2195 2154 0.732
2195 2203 0.538
2195 2232 0.739
2195 2257 0.778
2195 2273 0.878
2195 2277 0.869
2195 2315 0.778
2195 2368 0.606
2195 2419 0.533
2195 2480 0.538
2197  983 0.575
2197 1011 0.575
2198  266 0.878
2198  284 0.878
2199 2157 0.802
2203  390 0.660
2203  980 0.681
2203  982 0.550
2203  984 0.550
2203 1609 0.538
2203 1714 0.626
2203 1764 0.538
2203 1799 0.581
2203 1800 0.556
2203 1961 0.527
2203 1968 0.581
2203 1973 0.521
2203 1976 0.527
2203 2004 0.569
2203 2052 0.556
2203 2054 0.556
2203 2119 0.878
2203 2123 0.509
2203 2195 0.538
2203 2257 0.521
2203 2273 0.556
2203 2277 0.550
2203 2315 0.504
2203 2348 0.619
2203 2361 0.619
2203 2368 0.626
2203 2390 0.619
2203 2392 0.619
2203 2418 0.619
2203 2419 0.562
2203 2421 0.619
2203 2444 0.619
2203 2449 0.619
2203 2480 0.923
2203 2554 0.619
2203 2556 0.619
2203 2587 0.619
2203 2800 0.619
2203 2806 0.619
2208  850 0.575
2208 1009 0.575
2208 1067 0.575
2208 1737 0.575
2208 1770 0.575
2208 1858 0.575
2208 2127 0.575
2208 2136 0.575
2208 2288 0.575
2208 2486 0.575
2208 2899 0.575
2208 2922 0.575
2208 3015 0.575
2208 3524 0.575
2208 3565 0.575
2208 3620 0.575
2209 1874 0.600
2209 2067 0.575
2209 2278 0.515
2209 2290 0.575
2209 2417 0.667
2210 1757 0.639
2210 1848 0.626
2210 1903 0.527
2210 1917 0.613
2210 1941 0.626
2210 1960 0.613
2210 2010 0.653
2210 2026 0.527
2210 2069 0.556
2210 2108 0.527
2210 2131 0.626
2210 2279 0.646
2210 2286 0.606
2210 2416 0.527
2210 2437 0.613
2210 2706 0.633
2210 2762 0.724
2232 1714 0.556
2232 1799 0.786
2232 1800 0.762
2232 1898 0.646
2232 1961 0.504
2232 1968 0.786
2232 1973 0.724
2232 1976 0.732
2232 2004 0.667
2232 2052 0.747
2232 2054 0.747
2232 2071 0.702
2232 2101 0.732
2232 2123 0.739
2232 2151 0.688
2232 2154 0.688
2232 2195 0.739
2232 2257 0.674
2232 2273 0.762
2232 2277 0.754
2232 2315 0.702
2232 2368 0.533
2236  983 0.575
2236 1011 0.575
2238 1209 0.587
2238 2270 0.575
2242 2356 0.544
2249 2427 0.538
2257 1714 0.619
2257 1764 0.581
2257 1799 0.826
2257 1800 0.802
2257 1898 0.695
2257 1961 0.569
2257 1968 0.826
2257 1973 0.762
2257 1976 0.770
2257 2004 0.724
2257 2052 0.786
2257 2054 0.786
2257 2071 0.702
2257 2101 0.732
2257 2119 0.521
2257 2123 0.747
2257 2151 0.681
2257 2154 0.688
2257 2195 0.778
2257 2203 0.521
2257 2232 0.674
2257 2273 0.802
2257 2277 0.794
2257 2315 0.724
2257 2368 0.587
2257 2419 0.538
2257 2480 0.521
2258  983 0.575
2258 1011 0.575
2260 2283 0.852
2270 2238 0.575
2272  983 0.575
2272 1011 0.575
2273 1714 0.660
2273 1764 0.587
2273 1799 0.932
2273 1800 0.905
2273 1898 0.747
2273 1961 0.575
2273 1968 0.932
2273 1973 0.860
2273 1976 0.887
2273 2004 0.794
2273 2052 0.905
2273 2054 0.905
2273 2071 0.754
2273 2101 0.786
2273 2119 0.527
2273 2123 0.860
2273 2151 0.732
2273 2154 0.739
2273 2195 0.878
2273 2203 0.556
2273 2232 0.762
2273 2257 0.802
2273 2277 0.990
2273 2315 0.802
2273 2368 0.626
2273 2419 0.550
2273 2480 0.556
2276 2067 0.544
2276 2417 0.544
2277 1714 0.653
2277 1764 0.581
2277 1799 0.923
2277 1800 0.896
2277 1898 0.739
2277 1961 0.569
2277 1968 0.923
2277 1973 0.852
2277 1976 0.878
2277 2004 0.786
2277 2052 0.896
2277 2054 0.896
2277 2071 0.762
2277 2101 0.778
2277 2119 0.521
2277 2123 0.852
2277 2151 0.724
2277 2154 0.747
2277 2195 0.869
2277 2203 0.550
2277 2232 0.754
2277 2257 0.794
2277 2273 0.990
2277 2315 0.794
2277 2368 0.619
2277 2419 0.544
2277 2480 0.550
2278 1874 0.709
2278 1940 0.562
2278 2009 0.653
2278 2067 0.681
2278 2209 0.515
2278 2290 0.681
2278 2417 0.786
2279 1757 0.794
2279 1848 0.778
2279 1903 0.660
2279 1917 0.754
2279 1941 0.606
2279 1960 0.754
2279 2010 0.633
2279 2026 0.660
2279 2069 0.778
2279 2108 0.509
2279 2131 0.674
2279 2210 0.646
2279 2286 0.732
2279 2416 0.660
2279 2437 0.587
2279 2609 0.550
2279 2706 0.786
2279 2762 0.896
2283 2260 0.852
2286 1757 0.724
2286 1848 0.770
2286 1903 0.600
2286 1917 0.688
2286 1941 0.600
2286 1960 0.688
2286 2010 0.575
2286 2026 0.600
2286 2069 0.732
2286 2131 0.613
2286 2210 0.606
2286 2279 0.732
2286 2416 0.600
2286 2437 0.533
2286 2706 0.762
2286 2762 0.818
2287 2289 0.695
2288  389 0.794
2288  700 0.818
2288  861 0.754
2288 1060 0.794
2288 1065 0.695
2288 1589 0.509
2288 1756 0.653
2288 1782 0.613
2288 1803 0.747
2288 1955 0.739
2288 1982 0.747
2288 2157 0.613
2288 2208 0.575
2288 2310 0.762
2288 2380 0.794
2288 2837 0.653
2288 2999 0.653
2288 3171 0.653
2288 3203 0.802
2288 3272 0.653
2288 3283 0.509
2288 3310 0.794
2288 3362 0.747
2288 3430 0.747
2288 3622 0.794
2288 3626 0.653
2289 2287 0.695
2290 1874 0.835
2290 1940 0.709
2290 1958 0.527
2290 2009 0.562
2290 2067 0.754
2290 2209 0.575
2290 2278 0.681
2290 2417 0.869
2310  389 0.600
2310  700 0.619
2310  850 0.762
2310  861 0.569
2310 1009 0.762
2310 1060 0.600
2310 1065 0.521
2310 1067 0.762
2310 1737 0.762
2310 1770 0.762
2310 1803 0.660
2310 1858 0.762
2310 1955 0.556
2310 1982 0.660
2310 2127 0.762
2310 2136 0.762
2310 2288 0.762
2310 2380 0.600
2310 2486 0.762
2310 2899 0.762
2310 2922 0.762
2310 3015 0.762
2310 3203 0.695
2310 3310 0.600
2310 3362 0.660
2310 3430 0.660
2310 3524 0.762
2310 3565 0.762
2310 3620 0.762
2310 3622 0.600
2311 2698 0.515
2311 2767 0.826
2313  983 0.575
2313 1011 0.575
2315 1714 0.587
2315 1764 0.550
2315 1799 0.826
2315 1800 0.802
2315 1898 0.660
2315 1961 0.538
2315 1968 0.826
2315 1973 0.762
2315 1976 0.770
2315 2004 0.702
2315 2052 0.786
2315 2054 0.786
2315 2071 0.667
2315 2101 0.695
2315 2123 0.747
2315 2151 0.646
2315 2154 0.653
2315 2195 0.778
2315 2203 0.504
2315 2232 0.702
2315 2257 0.724
2315 2273 0.802
2315 2277 0.794
2315 2368 0.587
2315 2419 0.538
2315 2480 0.504
2316 2148 0.914
2316 2428 0.869
2318 2345 0.860
2318 2441 0.556
2318 2481 0.860
2321 1980 0.613
2321 2153 0.810
2321 2404 0.695
2321 2559 0.695
2327 2417 0.521
2345 1977 0.860
2345 2149 0.860
2345 2318 0.860
2345 2441 0.556
2346  983 0.575
2346 1011 0.575
2348  390 0.562
2348  980 0.504
2348 2119 0.633
2348 2203 0.619
2348 2480 0.667
2352  983 0.575
2352 1011 0.575
2353 2366 0.990
2353 2557 0.660
2353 2589 0.653
2356 1805 0.544
2356 2056 0.544
2356 2242 0.544
2360 2429 0.702
2361  390 0.562
2361  980 0.504
2361 2119 0.633
2361 2203 0.619
2361 2480 0.667
2363  983 0.575
2363 1011 0.575
2364 2366 0.990
2364 2557 0.660
2364 2589 0.653
2366 2353 0.990
2366 2364 0.990
2366 2557 0.653
2366 2589 0.660
2368  390 0.544
2368  982 0.569
2368  984 0.569
2368 1012 0.504
2368 1609 0.569
2368 1714 0.810
2368 1764 0.802
2368 1799 0.653
2368 1800 0.681
2368 1898 0.504
2368 1961 0.724
2368 1968 0.653
2368 1973 0.639
2368 1976 0.600
2368 2004 0.688
2368 2052 0.613
2368 2054 0.613
2368 2071 0.562
2368 2101 0.538
2368 2119 0.594
2368 2123 0.575
2368 2151 0.509
2368 2154 0.550
2368 2195 0.606
2368 2203 0.626
2368 2232 0.533
2368 2257 0.587
2368 2273 0.626
2368 2277 0.619
2368 2315 0.587
2368 2419 0.802
2368 2480 0.626
2372 2164 0.639
2380  389 0.794
2380  700 0.739
2380  850 0.794
2380  861 0.695
2380 1009 0.794
2380 1060 0.794
2380 1065 0.695
2380 1067 0.794
2380 1589 0.509
2380 1737 0.794
2380 1756 0.509
2380 1770 0.794
2380 1803 0.587
2380 1858 0.794
2380 1955 0.739
2380 1982 0.587
2380 2127 0.794
2380 2136 0.794
2380 2288 0.794
2380 2310 0.600
2380 2486 0.794
2380 2837 0.509
2380 2899 0.794
2380 2922 0.794
2380 2999 0.509
2380 3015 0.794
2380 3171 0.509
2380 3203 0.633
2380 3272 0.509
2380 3283 0.509
2380 3310 0.794
2380 3362 0.587
2380 3430 0.587
2380 3524 0.794
2380 3565 0.794
2380 3620 0.794
2380 3622 0.794
2380 3626 0.509
2381 2137 0.961
2384 2804 0.646
2390  390 0.562
2390  980 0.504
2390 2119 0.633
2390 2203 0.619
2390 2480 0.667
2391  983 0.575
2391 1011 0.575
2392  390 0.562
2392  980 0.504
2392 2119 0.633
2392 2203 0.619
2392 2480 0.667
2404 1980 0.569
2404 2153 0.619
2404 2321 0.695
2404 2559 0.619
2407  983 0.575
2407 1011 0.575
2416 1757 0.653
2416 1848 0.639
2416 1903 0.626
2416 1917 0.594
2416 1960 0.594
2416 2010 0.515
2416 2026 0.739
2416 2069 0.569
2416 2131 0.550
2416 2210 0.527
2416 2279 0.660
2416 2286 0.600
2416 2609 0.594
2416 2706 0.646
2416 2762 0.739
2417 1874 0.905
2417 1940 0.724
2417 1958 0.613
2417 2009 0.653
2417 2067 0.869
2417 2209 0.667
2417 2276 0.544
2417 2278 0.786
2417 2290 0.869
2417 2327 0.521
2417 2707 0.556
2418  390 0.562
2418  980 0.504
2418 2119 0.633
2418 2203 0.619
2418 2480 0.667
2419  982 0.527
2419  984 0.533
2419 1609 0.515
2419 1714 0.709
2419 1764 0.639
2419 1799 0.575
2419 1800 0.550
2419 1961 0.626
2419 1968 0.575
2419 1973 0.515
2419 1976 0.527
2419 2004 0.581
2419 2052 0.544
2419 2054 0.544
2419 2119 0.556
2419 2123 0.504
2419 2195 0.533
2419 2203 0.562
2419 2257 0.538
2419 2273 0.550
2419 2277 0.544
2419 2315 0.538
2419 2368 0.802
2419 2480 0.562
2421  390 0.562
2421  980 0.504
2421 2119 0.633
2421 2203 0.619
2421 2480 0.667
2424  983 0.575
2424 1011 0.575
2427 2249 0.538
2428 1975 0.869
2428 2148 0.794
2428 2316 0.869
2429 1801 0.504
2429 2055 0.504
2429 2360 0.702
2437 1757 0.556
2437 1848 0.544
2437 1917 0.633
2437 1941 0.544
2437 1960 0.633
2437 2010 0.569
2437 2069 0.504
2437 2131 0.544
2437 2210 0.613
2437 2279 0.587
2437 2286 0.533
2437 2706 0.550
2437 2762 0.633
2441 1977 0.556
2441 2149 0.556
2441 2318 0.556
2441 2345 0.556
2441 2481 0.556
2443  983 0.575
2443 1011 0.575
2444  390 0.562
2444  980 0.504
2444 2119 0.633
2444 2203 0.619
2444 2480 0.667
2449  390 0.562
2449  980 0.504
2449 2119 0.633
2449 2203 0.619
2449 2480 0.667
2453 2468 0.794
2468 2453 0.794
2480  390 0.717
2480  980 0.717
2480  982 0.581
2480  984 0.581
2480 1609 0.538
2480 1714 0.626
2480 1764 0.538
2480 1799 0.581
2480 1800 0.556
2480 1961 0.527
2480 1968 0.581
2480 1973 0.521
2480 1976 0.527
2480 2004 0.569
2480 2052 0.556
2480 2054 0.556
2480 2119 0.951
2480 2123 0.509
2480 2195 0.538
2480 2203 0.923
2480 2257 0.521
2480 2273 0.556
2480 2277 0.550
2480 2315 0.504
2480 2348 0.667
2480 2361 0.667
2480 2368 0.626
2480 2390 0.667
2480 2392 0.667
2480 2418 0.667
2480 2419 0.562
2480 2421 0.667
2480 2444 0.667
2480 2449 0.667
2480 2554 0.667
2480 2556 0.667
2480 2587 0.667
2480 2800 0.667
2480 2806 0.667
2481 1977 0.860
2481 2149 0.860
2481 2318 0.860
2481 2441 0.556
2486  389 0.794
2486  700 0.818
2486  861 0.754
2486 1060 0.794
2486 1065 0.695
2486 1589 0.509
2486 1756 0.653
2486 1782 0.613
2486 1803 0.747
2486 1955 0.739
2486 1982 0.747
2486 2157 0.613
2486 2208 0.575
2486 2310 0.762
2486 2380 0.794
2486 2837 0.653
2486 2999 0.653
2486 3171 0.653
2486 3203 0.802
2486 3272 0.653
2486 3283 0.509
2486 3310 0.794
2486 3362 0.747
2486 3430 0.747
2486 3622 0.794
2486 3626 0.653
2554  390 0.562
2554  980 0.504
2554 2119 0.633
2554 2203 0.619
2554 2480 0.667
2555  983 0.575
2555 1011 0.575
2556  390 0.562
2556  980 0.504
2556 2119 0.633
2556 2203 0.619
2556 2480 0.667
2557 2353 0.660
2557 2364 0.660
2557 2366 0.653
2557 2589 0.990
2559 1980 0.587
2559 2153 0.619
2559 2321 0.695
2559 2404 0.619
2576 2762 0.538
2587  390 0.562
2587  980 0.504
2587 2119 0.633
2587 2203 0.619
2587 2480 0.667
2588  983 0.575
2588 1011 0.575
2589 2353 0.653
2589 2364 0.653
2589 2366 0.660
2589 2557 0.990
2600 2601 0.732
2601 2600 0.732
2609 1757 0.521
2609 1848 0.509
2609 1917 0.594
2609 1960 0.594
2609 2026 0.594
2609 2279 0.550
2609 2416 0.594
2609 2706 0.515
2609 2762 0.594
2618  214 0.970
2618 2821 0.990
2619  205 0.970
2619 2829 0.942
2620  896 0.818
2620 2831 0.860
2627 1006 0.887
2627 2820 0.923
2628  976 0.818
2628 2819 0.869
2629  973 0.914
2629 2818 0.942
2630  521 0.569
2631  241 0.810
2632  807 0.961
2633  955 0.923
2680 2698 0.923
2680 2767 0.515
2698 2311 0.515
2698 2680 0.923
2706 1757 0.778
2706 1848 0.810
2706 1903 0.646
2706 1917 0.709
2706 1941 0.633
2706 1960 0.709
2706 2010 0.619
2706 2026 0.646
2706 2069 0.724
2706 2131 0.660
2706 2210 0.633
2706 2279 0.786
2706 2286 0.762
2706 2416 0.646
2706 2437 0.550
2706 2609 0.515
2706 2762 0.878
2707 2417 0.556
2709 1841 0.980
2709 2048 0.914
2709 2073 0.843
2709 2190 0.869
2762 1757 0.887
2762 1848 0.869
2762 1903 0.739
2762 1917 0.810
2762 1941 0.681
2762 1960 0.810
2762 2010 0.709
2762 2026 0.739
2762 2069 0.778
2762 2108 0.575
2762 2131 0.754
2762 2166 0.556
2762 2210 0.724
2762 2279 0.896
2762 2286 0.818
2762 2416 0.739
2762 2437 0.633
2762 2576 0.538
2762 2609 0.594
2762 2706 0.878
2767 2311 0.826
2767 2680 0.515
2800  390 0.562
2800  980 0.504
2800 2119 0.633
2800 2203 0.619
2800 2480 0.667
2804 2384 0.646
2806  390 0.562
2806  980 0.504
2806 2119 0.633
2806 2203 0.619
2806 2480 0.667
2807  983 0.575
2807 1011 0.575
2811 2812 0.619
2812 2811 0.619
2813 2814 0.778
2814 2813 0.778
2816  288 0.970
2817    6 0.747
2818  973 0.914
2818 2629 0.942
2819  976 0.905
2819 2628 0.869
2820 1006 0.942
2820 2627 0.923
2821  214 0.980
2821 2618 0.990
2822  125 0.843
2823  473 0.860
2824  238 0.786
2826  570 0.878
2827  282 0.951
2829  205 0.951
2829 2619 0.942
2830  297 0.786
2831  896 0.810
2831 2620 0.860
2832  304 0.843
2833  305 0.970
2837  389 0.509
2837  700 0.527
2837  850 0.653
2837 1009 0.653
2837 1060 0.509
2837 1067 0.653
2837 1589 0.509
2837 1737 0.653
2837 1756 0.653
2837 1770 0.653
2837 1858 0.653
2837 2127 0.653
2837 2136 0.653
2837 2288 0.653
2837 2380 0.509
2837 2486 0.653
2837 2899 0.653
2837 2922 0.653
2837 2999 0.653
2837 3015 0.653
2837 3171 0.653
2837 3203 0.515
2837 3272 0.653
2837 3283 0.509
2837 3310 0.509
2837 3524 0.653
2837 3565 0.653
2837 3620 0.653
2837 3622 0.509
2837 3626 0.653
2841 2866 0.739
2866 2841 0.739
2866 2903 0.739
2885 2096 0.626
2899  389 0.794
2899  700 0.818
2899  861 0.754
2899 1060 0.794
2899 1065 0.695
2899 1589 0.509
2899 1756 0.653
2899 1782 0.613
2899 1803 0.747
2899 1955 0.739
2899 1982 0.747
2899 2157 0.613
2899 2208 0.575
2899 2310 0.762
2899 2380 0.794
2899 2837 0.653
2899 2999 0.653
2899 3171 0.653
2899 3203 0.802
2899 3272 0.653
2899 3283 0.509
2899 3310 0.794
2899 3362 0.747
2899 3430 0.747
2899 3622 0.794
2899 3626 0.653
2903 2866 0.739
2922  389 0.794
2922  700 0.818
2922  861 0.754
2922 1060 0.794
2922 1065 0.695
2922 1589 0.509
2922 1756 0.653
2922 1782 0.613
2922 1803 0.747
2922 1955 0.739
2922 1982 0.747
2922 2157 0.613
2922 2208 0.575
2922 2310 0.762
2922 2380 0.794
2922 2837 0.653
2922 2999 0.653
2922 3171 0.653
2922 3203 0.802
2922 3272 0.653
2922 3283 0.509
2922 3310 0.794
2922 3362 0.747
2922 3430 0.747
2922 3622 0.794
2922 3626 0.653
2981 2984 0.660
2981 3024 0.606
2983 3026 0.739
2984 2981 0.660
2985 3025 0.970
2999  389 0.509
2999  700 0.527
2999  850 0.653
2999 1009 0.653
2999 1060 0.509
2999 1067 0.653
2999 1589 0.509
2999 1737 0.653
2999 1756 0.653
2999 1770 0.653
2999 1858 0.653
2999 2127 0.653
2999 2136 0.653
2999 2288 0.653
2999 2380 0.509
2999 2486 0.653
2999 2837 0.653
2999 2899 0.653
2999 2922 0.653
2999 3015 0.653
2999 3171 0.653
2999 3203 0.515
2999 3272 0.653
2999 3283 0.509
2999 3310 0.509
2999 3524 0.653
2999 3565 0.653
2999 3620 0.653
2999 3622 0.509
2999 3626 0.653
3015  389 0.794
3015  700 0.818
3015  861 0.754
3015 1060 0.794
3015 1065 0.695
3015 1589 0.509
3015 1756 0.653
3015 1782 0.613
3015 1803 0.747
3015 1955 0.739
3015 1982 0.747
3015 2157 0.613
3015 2208 0.575
3015 2310 0.762
3015 2380 0.794
3015 2837 0.653
3015 2999 0.653
3015 3171 0.653
3015 3203 0.802
3015 3272 0.653
3015 3283 0.509
3015 3310 0.794
3015 3362 0.747
3015 3430 0.747
3015 3622 0.794
3015 3626 0.653
3024 2981 0.606
3025 2985 0.970
3026 2983 0.739
3029 3413 0.843
3130 3135 0.932
3135 3130 0.932
3149 3163 0.556
3163 3149 0.556
3171  389 0.509
3171  700 0.527
3171  850 0.653
3171 1009 0.653
3171 1060 0.509
3171 1067 0.653
3171 1589 0.509
3171 1737 0.653
3171 1756 0.653
3171 1770 0.653
3171 1858 0.653
3171 2127 0.653
3171 2136 0.653
3171 2288 0.653
3171 2380 0.509
3171 2486 0.653
3171 2837 0.653
3171 2899 0.653
3171 2922 0.653
3171 2999 0.653
3171 3015 0.653
3171 3203 0.515
3171 3272 0.653
3171 3283 0.509
3171 3310 0.509
3171 3524 0.653
3171 3565 0.653
3171 3620 0.653
3171 3622 0.509
3171 3626 0.653
3174 3181 0.619
3181 3174 0.619
3203  389 0.633
3203  700 0.653
3203  850 0.802
3203  861 0.600
3203 1009 0.802
3203 1060 0.633
3203 1065 0.550
3203 1067 0.802
3203 1737 0.802
3203 1756 0.515
3203 1770 0.802
3203 1803 0.695
3203 1858 0.802
3203 1955 0.587
3203 1982 0.695
3203 2127 0.802
3203 2136 0.802
3203 2288 0.802
3203 2310 0.695
3203 2380 0.633
3203 2486 0.802
3203 2837 0.515
3203 2899 0.802
3203 2922 0.802
3203 2999 0.515
3203 3015 0.802
3203 3171 0.515
3203 3272 0.515
3203 3310 0.633
3203 3362 0.695
3203 3430 0.695
3203 3524 0.802
3203 3565 0.802
3203 3620 0.802
3203 3622 0.633
3203 3626 0.515
3207 3208 0.695
3208 3207 0.695
3216 3239 0.527
3239 3216 0.527
3263 2163 0.802
3272  389 0.509
3272  700 0.527
3272  850 0.653
3272 1009 0.653
3272 1060 0.509
3272 1067 0.653
3272 1589 0.509
3272 1737 0.653
3272 1756 0.653
3272 1770 0.653
3272 1858 0.653
3272 2127 0.653
3272 2136 0.653
3272 2288 0.653
3272 2380 0.509
3272 2486 0.653
3272 2837 0.653
3272 2899 0.653
3272 2922 0.653
3272 2999 0.653
3272 3015 0.653
3272 3171 0.653
3272 3203 0.515
3272 3283 0.509
3272 3310 0.509
3272 3524 0.653
3272 3565 0.653
3272 3620 0.653
3272 3622 0.509
3272 3626 0.653
3277 3284 0.990
3283  389 0.509
3283  850 0.509
3283 1009 0.509
3283 1060 0.509
3283 1067 0.509
3283 1589 0.509
3283 1737 0.509
3283 1756 0.509
3283 1770 0.509
3283 1858 0.509
3283 2127 0.509
3283 2136 0.509
3283 2288 0.509
3283 2380 0.509
3283 2486 0.509
3283 2837 0.509
3283 2899 0.509
3283 2922 0.509
3283 2999 0.509
3283 3015 0.509
3283 3171 0.509
3283 3272 0.509
3283 3310 0.509
3283 3524 0.509
3283 3565 0.509
3283 3620 0.509
3283 3622 0.509
3283 3626 0.509
3284 3277 0.990
3308 3309 0.826
3309 3308 0.826
3310  389 0.794
3310  700 0.739
3310  850 0.794
3310  861 0.695
3310 1009 0.794
3310 1060 0.794
3310 1065 0.695
3310 1067 0.794
3310 1589 0.509
3310 1737 0.794
3310 1756 0.509
3310 1770 0.794
3310 1803 0.587
3310 1858 0.794
3310 1955 0.739
3310 1982 0.587
3310 2127 0.794
3310 2136 0.794
3310 2288 0.794
3310 2310 0.600
3310 2380 0.794
3310 2486 0.794
3310 2837 0.509
3310 2899 0.794
3310 2922 0.794
3310 2999 0.509
3310 3015 0.794
3310 3171 0.509
3310 3203 0.633
3310 3272 0.509
3310 3283 0.509
3310 3362 0.587
3310 3430 0.587
3310 3524 0.794
3310 3565 0.794
3310 3620 0.794
3310 3622 0.794
3310 3626 0.509
3321 3323 0.569
3323 3321 0.569
3362  389 0.587
3362  700 0.606
3362  850 0.747
3362  861 0.556
3362 1009 0.747
3362 1060 0.587
3362 1065 0.509
3362 1067 0.747
3362 1737 0.747
3362 1770 0.747
3362 1803 0.747
3362 1858 0.747
3362 1955 0.544
3362 1982 0.747
3362 2127 0.747
3362 2136 0.747
3362 2288 0.747
3362 2310 0.660
3362 2380 0.587
3362 2486 0.747
3362 2899 0.747
3362 2922 0.747
3362 3015 0.747
3362 3203 0.695
3362 3310 0.587
3362 3430 0.747
3362 3524 0.747
3362 3565 0.747
3362 3620 0.747
3362 3622 0.587
3364 3369 0.778
3369 3364 0.778
3371 3440 0.896
3413 3029 0.843
3415 3421 0.606
3421 3415 0.606
3430  389 0.587
3430  700 0.606
3430  850 0.747
3430  861 0.556
3430 1009 0.747
3430 1060 0.587
3430 1065 0.509
3430 1067 0.747
3430 1737 0.747
3430 1770 0.747
3430 1803 0.747
3430 1858 0.747
3430 1955 0.544
3430 1982 0.747
3430 2127 0.747
3430 2136 0.747
3430 2288 0.747
3430 2310 0.660
3430 2380 0.587
3430 2486 0.747
3430 2899 0.747
3430 2922 0.747
3430 3015 0.747
3430 3203 0.695
3430 3310 0.587
3430 3362 0.747
3430 3524 0.747
3430 3565 0.747
3430 3620 0.747
3430 3622 0.587
3440 3371 0.896
3471 3472 0.961
3472 3471 0.961
3483 3690 0.702
3494 3499 0.896
3499 3494 0.896
3524  389 0.794
3524  700 0.818
3524  861 0.754
3524 1060 0.794
3524 1065 0.695
3524 1589 0.509
3524 1756 0.653
3524 1782 0.613
3524 1803 0.747
3524 1955 0.739
3524 1982 0.747
3524 2157 0.613
3524 2208 0.575
3524 2310 0.762
3524 2380 0.794
3524 2837 0.653
3524 2999 0.653
3524 3171 0.653
3524 3203 0.802
3524 3272 0.653
3524 3283 0.509
3524 3310 0.794
3524 3362 0.747
3524 3430 0.747
3524 3622 0.794
3524 3626 0.653
3565  389 0.794
3565  700 0.818
3565  861 0.754
3565 1060 0.794
3565 1065 0.695
3565 1589 0.509
3565 1756 0.653
3565 1782 0.613
3565 1803 0.747
3565 1955 0.739
3565 1982 0.747
3565 2157 0.613
3565 2208 0.575
3565 2310 0.762
3565 2380 0.794
3565 2837 0.653
3565 2999 0.653
3565 3171 0.653
3565 3203 0.802
3565 3272 0.653
3565 3283 0.509
3565 3310 0.794
3565 3362 0.747
3565 3430 0.747
3565 3622 0.794
3565 3626 0.653
3620  389 0.794
3620  700 0.818
3620  861 0.754
3620 1060 0.794
3620 1065 0.695
3620 1589 0.509
3620 1756 0.653
3620 1782 0.613
3620 1803 0.747
3620 1955 0.739
3620 1982 0.747
3620 2157 0.613
3620 2208 0.575
3620 2310 0.762
3620 2380 0.794
3620 2837 0.653
3620 2999 0.653
3620 3171 0.653
3620 3203 0.802
3620 3272 0.653
3620 3283 0.509
3620 3310 0.794
3620 3362 0.747
3620 3430 0.747
3620 3622 0.794
3620 3626 0.653
3622  389 0.794
3622  700 0.739
3622  850 0.794
3622  861 0.695
3622 1009 0.794
3622 1060 0.794
3622 1065 0.695
3622 1067 0.794
3622 1589 0.509
3622 1737 0.794
3622 1756 0.509
3622 1770 0.794
3622 1803 0.587
3622 1858 0.794
3622 1955 0.739
3622 1982 0.587
3622 2127 0.794
3622 2136 0.794
3622 2288 0.794
3622 2310 0.600
3622 2380 0.794
3622 2486 0.794
3622 2837 0.509
3622 2899 0.794
3622 2922 0.794
3622 2999 0.509
3622 3015 0.794
3622 3171 0.509
3622 3203 0.633
3622 3272 0.509
3622 3283 0.509
3622 3310 0.794
3622 3362 0.587
3622 3430 0.587
3622 3524 0.794
3622 3565 0.794
3622 3620 0.794
3622 3626 0.509
3626  389 0.509
3626  700 0.527
3626  850 0.653
3626 1009 0.653
3626 1060 0.509
3626 1067 0.653
3626 1589 0.509
3626 1737 0.653
3626 1756 0.653
3626 1770 0.653
3626 1858 0.653
3626 2127 0.653
3626 2136 0.653
3626 2288 0.653
3626 2380 0.509
3626 2486 0.653
3626 2837 0.653
3626 2899 0.653
3626 2922 0.653
3626 2999 0.653
3626 3015 0.653
3626 3171 0.653
3626 3203 0.515
3626 3272 0.653
3626 3283 0.509
3626 3310 0.509
3626 3524 0.653
3626 3565 0.653
3626 3620 0.653
3626 3622 0.509
3652 3677 0.717
3663 3677 0.717
3677 3652 0.717
3677 3663 0.717
3682 3683 0.544
3683 3682 0.544
3690 3483 0.702
